0.057117	0.057117	
2.170461	2.170461	
4.112453	4.112453	
6.690896	6.690896	
8.991911	8.991911	
11.260288	11.260288	
13.561304	13.561304	
15.323783	15.323783	
17.967503	17.967503	
19.729983	19.729983	
22.096276	22.096276	
23.842436	23.842436	
25.686512	25.686512	
27.595866	27.595866	
29.586815	29.586815	
31.479849	31.479849	
33.617672	33.617672	
35.788133	35.788133	
37.925956	37.925956	
40.145375	40.145375	
42.364794	42.364794	
44.518936	44.518936	
46.477247	46.477247	
48.288685	48.288685	
50.246996	50.246996	
52.237945	52.237945	
54.375768	54.375768	
55.566451	55.566451	
56.946188	56.946188	
59.263522	59.263522	
61.466622	61.466622	
63.832915	63.832915	
66.036015	66.036015	
68.239114	68.239114	
70.213745	70.213745	
72.596356	72.596356	
74.391475	74.391475	
76.007081	76.007081	
78.438651	78.438651	
80.755985	80.755985	
83.497621	83.497621	
86.304533	86.304533	
88.801380	88.801380	
90.971841	90.971841	
93.011748	93.011748	
95.410679	95.410679	
97.793291	97.793291	
100.453330	100.453330	
102.640111	102.640111	
105.251192	105.251192	
108.188658	108.188658	
110.326481	110.326481	
112.640230	112.640230	
114.928512	114.928512	
117.490636	117.490636	
119.661097	119.661097	
122.092666	122.092666	
124.442640	124.442640	
126.547824	126.547824	
128.995713	128.995713	
131.525198	131.525198	
133.940448	133.940448	
136.584168	136.584168	
139.260526	139.260526	
141.790011	141.790011	
144.025749	144.025749	
146.489957	146.489957	
149.117358	149.117358	
151.712120	151.712120	
154.257924	154.257924	
156.428386	156.428386	
158.549889	158.549889	
160.883543	160.883543	
163.543582	163.543582	
166.089386	166.089386	
168.716787	168.716787	
171.409465	171.409465	
173.922630	173.922630	
176.713223	176.713223	
179.503817	179.503817	
181.755874	181.755874	
184.350636	184.350636	
186.733248	186.733248	
189.181137	189.181137	
191.449514	191.449514	
193.440463	193.440463	
195.986267	195.986267	
197.993536	197.993536	
200.327190	200.327190	
202.465013	202.465013	
204.472282	204.472282	
206.805935	206.805935	
209.139589	209.139589	
211.554840	211.554840	
213.562108	213.562108	
216.401659	216.401659	
218.996421	218.996421	
221.476949	221.476949	
223.712687	223.712687	
226.389045	226.389045	
229.424427	229.424427	
231.904955	231.904955	
234.467078	234.467078	
237.029202	237.029202	
239.819795	239.819795	
243.165243	243.165243	
245.482577	245.482577	
248.615875	248.615875	
251.520703	251.520703	
253.625887	253.625887	
255.796349	255.796349	
258.684857	258.684857	
261.671281	261.671281	
264.461875	264.461875	
267.236148	267.236148	
270.271530	270.271530	
273.339551	273.339551	
276.211740	276.211740	
278.529075	278.529075	
281.711330	281.711330	
285.138375	285.138375	
287.945287	287.945287	
290.686922	290.686922	
293.640708	293.640708	
296.806644	296.806644	
299.874665	299.874665	
302.191999	302.191999	
304.884677	304.884677	
307.479439	307.479439	
309.666220	309.666220	
312.293620	312.293620	
315.361641	315.361641	
318.086957	318.086957	
321.709832	321.709832	
324.859449	324.859449	
327.666361	327.666361	
330.946532	330.946532	
333.998234	333.998234	
337.539513	337.539513	
339.905805	339.905805	
342.859591	342.859591	
345.666503	345.666503	
348.914036	348.914036	
352.128929	352.128929	
355.278546	355.278546	
358.281290	358.281290	
360.761817	360.761817	
363.421856	363.421856	
366.359323	366.359323	
369.541578	369.541578	
372.446406	372.446406	
375.220680	375.220680	
378.174465	378.174465	
380.654993	380.654993	
383.478224	383.478224	
385.795559	385.795559	
388.357683	388.357683	
391.048320	391.048320	
393.806275	393.806275	
396.435715	396.435715	
398.834646	398.834646	
401.473800	401.473800	
403.518273	403.518273	
406.406782	406.406782	
409.181056	409.181056	
411.775818	411.775818	
414.093153	414.093153	
416.802150	416.802150	
419.282677	419.282677	
421.861120	421.861120	
424.227412	424.227412	
426.740578	426.740578	
429.449575	429.449575	
431.577198	431.577198	
433.427394	433.427394	
435.418343	435.418343	
436.991686	436.991686	
439.066731	439.066731	
440.868976	440.868976	
442.533540	442.533540	
444.834555	444.834555	
446.538309	446.538309	
448.266332	448.266332	
450.125358	450.125358	
452.818035	452.818035	
455.023900	455.023900	
457.285500	457.285500	
459.816829	459.816829	
462.194277	462.194277	
464.459564	464.459564	
466.956410	466.956410	
468.767848	468.767848	
470.562966	470.562966	
472.978217	472.978217	
474.871250	474.871250	
476.862200	476.862200	
478.804192	478.804192	
480.860418	480.860418	
482.949283	482.949283	
485.074786	485.074786	
487.001990	487.001990	
489.202623	489.202623	
491.552596	491.552596	
493.755696	493.755696	
495.534495	495.534495	
497.721276	497.721276	
500.218122	500.218122	
502.258030	502.258030	
504.220028	504.220028	
506.472085	506.472085	
508.627448	508.627448	
510.876727	510.876727	
513.294743	513.294743	
516.052697	516.052697	
518.778014	518.778014	
521.470691	521.470691	
524.179688	524.179688	
527.182431	527.182431	
529.434489	529.434489	
531.572312	531.572312	
533.791731	533.791731	
535.701084	535.701084	
538.002100	538.002100	
540.352073	540.352073	
542.424619	542.424619	
544.692996	544.692996	
547.157203	547.157203	
549.222349	549.222349	
551.963985	551.963985	
554.265000	554.265000	
556.998476	556.998476	
559.511641	559.511641	
561.584187	561.584187	
563.966799	563.966799	
565.957748	565.957748	
568.405637	568.405637	
570.804568	570.804568	
573.252457	573.252457	
576.010411	576.010411	
578.768366	578.768366	
581.428405	581.428405	
583.190885	583.190885	
585.034961	585.034961	
586.781122	586.781122	
588.674156	588.674156	
590.983331	590.983331	
593.039557	593.039557	
594.805413	594.805413	
596.633170	596.633170	
598.620095	598.620095	
600.872152	600.872152	
602.650951	602.650951	
605.142698	605.142698	
607.133648	607.133648	
609.418344	609.418344	
611.703040	611.703040	
614.020375	614.020375	
616.107383	616.107383	
618.207322	618.207322	
620.625026	620.625026	
623.040277	623.040277	
625.324973	625.324973	
627.511753	627.511753	
630.383943	630.383943	
632.733916	632.733916	
634.920697	634.920697	
637.433862	637.433862	
639.577527	639.577527	
641.535838	641.535838	
643.590208	643.590208	
645.515881	645.515881	
647.996408	647.996408	
649.954719	649.954719	
651.945669	651.945669	
654.001895	654.001895	
656.504452	656.504452	
658.456596	658.456596	
660.382268	660.382268	
661.623752	661.623752	
663.461350	663.461350	
664.864806	664.864806	
666.790479	666.790479	
668.716151	668.716151	
671.164040	671.164040	
673.318182	673.318182	
675.602878	675.602878	
678.050767	678.050767	
680.563933	680.563933	
682.783352	682.783352	
685.296518	685.296518	
687.548575	687.548575	
690.094380	690.094380	
692.738099	692.738099	
694.957519	694.957519	
696.948468	696.948468	
699.298441	699.298441	
701.224114	701.224114	
703.019232	703.019232	
705.238651	705.238651	
707.099047	707.099047	
709.220550	709.220550	
711.374692	711.374692	
713.496196	713.496196	
715.487145	715.487145	
717.576010	717.576010	
719.795429	719.795429	
721.753740	721.753740	
723.973160	723.973160	
725.800916	725.800916	
727.693950	727.693950	
728.966853	728.966853	
730.141839	730.141839	
731.447380	731.447380	
732.916113	732.916113	
734.286931	734.286931	
736.082049	736.082049	
737.877168	737.877168	
739.900756	739.900756	
741.695874	741.695874	
743.850016	743.850016	
745.547219	745.547219	
747.277060	747.277060	
749.202733	749.202733	
751.324236	751.324236	
753.478378	753.478378	
755.371412	755.371412	
757.166531	757.166531	
758.733179	758.733179	
760.724129	760.724129	
762.584524	762.584524	
764.412281	764.412281	
766.860170	766.860170	
768.753204	768.753204	
771.056259	771.056259	
773.504148	773.504148	
776.164187	776.164187	
778.612076	778.612076	
780.617305	780.617305	
782.853043	782.853043	
784.876631	784.876631	
787.161327	787.161327	
789.352188	789.352188	
791.441053	791.441053	
793.203532	793.203532	
795.096566	795.096566	
796.956962	796.956962	
798.784719	798.784719	
800.743030	800.743030	
802.701341	802.701341	
804.757567	804.757567	
807.172817	807.172817	
809.831878	809.831878	
812.801983	812.801983	
815.249872	815.249872	
818.122061	818.122061	
820.341480	820.341480	
822.822007	822.822007	
824.891452	824.891452	
827.371979	827.371979	
829.852507	829.852507	
831.745540	831.745540	
833.605936	833.605936	
835.825355	835.825355	
838.012136	838.012136	
840.329470	840.329470	
842.581528	842.581528	
844.572477	844.572477	
846.857174	846.857174	
848.946039	848.946039	
851.622397	851.622397	
853.548069	853.548069	
855.506380	855.506380	
857.856354	857.856354	
859.945219	859.945219	
862.425746	862.425746	
864.645165	864.645165	
866.734030	866.734030	
868.822895	868.822895	
871.107591	871.107591	
873.555480	873.555480	
875.676983	875.676983	
877.667933	877.667933	
879.463051	879.463051	
881.486639	881.486639	
883.347035	883.347035	
885.468538	885.468538	
887.231018	887.231018	
889.319883	889.319883	
891.833049	891.833049	
893.562890	893.562890	
895.488563	895.488563	
897.773259	897.773259	
899.992678	899.992678	
902.342651	902.342651	
904.345840	904.345840	
906.149118	906.149118	
908.613326	908.613326	
911.110173	911.110173	
912.986887	912.986887	
915.039034	915.039034	
916.932068	916.932068	
918.694548	918.694548	
920.603901	920.603901	
921.991038	921.991038	
923.720879	923.720879	
925.467040	925.467040	
927.751736	927.751736	
929.693728	929.693728	
931.749955	931.749955	
933.691946	933.691946	
936.139835	936.139835	
938.424531	938.424531	
940.562354	940.562354	
942.728969	942.728969	
944.919596	944.919596	
946.926865	946.926865	
949.129964	949.129964	
951.300426	951.300426	
953.731995	953.731995	
955.951414	955.951414	
958.089237	958.089237	
960.096506	960.096506	
962.364883	962.364883	
964.535344	964.535344	
966.640528	966.640528	
969.006821	969.006821	
971.258879	971.258879	
973.298786	973.298786	
975.306055	975.306055	
976.937980	976.937980	
978.670445	978.670445	
980.838283	980.838283	
982.452267	982.452267	
984.624351	984.624351	
986.745855	986.745855	
988.573611	988.573611	
990.596641	990.596641	
992.282172	992.282172	
994.293511	994.293511	
996.349738	996.349738	
998.764988	998.764988	
1000.674341	1000.674341	
1002.665291	1002.665291	
